zoom,Latitude_0,Latitude_45,Latitude_60
0,156543,110692.6,78271.5
1,78271.5,55346.3,39135.8
2,39135.8,27673.2,19567.9
3,19567.9,13836.6,9783.9
4,9783.9,6918.3,4892
5,4892,3459.1,2446
6,2446,1729.6,1223
7,1223,864.8,611.5
8,611.5,432.4,305.7
9,305.7,216.2,152.9
10,152.9,108.1,76.4
11,76.4,54,38.2
12,38.2,27,19.1
13,19.1,13.5,9.6
14,9.6,6.8,4.8
15,4.8,3.4,2.4
